canyon-2.webp
482, 143
597-482
482,143,115

london-6.jpg
1,285
8,269
15, 285
35, 285
35, 264
46, 268
46, 212
56, 226
64, 193
76, 227
79, 211
83, 273
85, 260
106, 260
116, 217
127, 254
126, 277
140, 275
140, 256
192, 254
194, 276
251, 276
249, 215
266, 170
282, 215
283, 276
298, 285
301, 309
283, 317
253, 309
153, 313
116, 306
78, 316
1, 303

oki-2.jpg
153,53
183,35
222,27
245,29
254,24
283,32
291,26
324,36
324,79
250,80
157,66

paris-5.jpg
154,483
177,345
200,482

pei-5.jpg
420,319,649,471




153,53,183,35,222,27,245,29,254,24,283,32,291,26,324,36,324,79,250,80,157,66

london
1,285,8,269,15,285,35,285,35,264,46,268,46,212,56,226,64,193,76,227,79,211,83,273,85,260,106,260,116,217,127,254,126,277,140,275,140,256,192,254,194,276,251,276,249,215,266,170,282,215,283,276,298,285,301,309,283,317,253,309,153,313,116,306,78,316,1,303

paris
154,483,177,345,200,482